-19.9683 -5643.548
-1.772656 307.0175
9.791789 -3.724488
-19.70249 -6077.754
19.34521 3643.937
7.30882 470.1006
-10.15677 -974.3985
18.70933 2767.816
12.5432 1783.621
-10.1076 -1064.824
2.761087 -548.2136
7.444687 1419.278
13.24341 830.9612
3.222712 534.3666
-11.08805 -482.237
-5.935315 235.5223
1.878275 -338.5988
-17.19403 -3724.86
17.70022 3352.455
11.45342 946.0971
5.207264 369.9973
-17.63361 -4488.799
-2.342979 -297.5693
6.396046 534.5028
10.49908 501.1655
-7.048616 37.66032
13.14513 1155.48
16.23309 2290.593
10.74556 1047.668
-5.871381 491.0006
-16.63337 -4054.769
15.84548 1858.82
4.089266 498.887
-0.9082062 525.6135
-4.485723 -632.9837
15.48261 3018.58
11.97932 1505.49
-12.25927 -1673.611
-16.29437 -3330.924
11.23529 802.6187
12.55499 564.2343
12.63553 1656.261
18.672 3522.696
-18.32735 -4398.335
13.53597 1132.152
-13.52274 -1736.954
-7.587818 75.55277
14.70658 849.4176
-7.66151 -176.0187
19.47891 4309.485
19.68956 3071.402
14.45375 1079.531
17.01391 2806.774
2.162076 -415.3563
-8.072523 -493.593
18.22553 2661.195
-4.859905 380.2981
15.46538 1005.359
-14.51776 -2148.986
15.07429 2457.331
-2.1635 185.6792
2.953185 329.7921
-0.8638194 -265.6402
-18.48946 -4074.595
3.284346 577.7563
-10.39204 -657.0671
5.363634 766.7972
8.523671 737.0004
-5.680994 -178.644
9.462739 229.4271
-2.23739 -718.2657
-14.56034 -3525.528
12.68583 856.7903
15.89242 1994.9
-2.881382 -52.75823
-5.329012 -245.4389
11.87363 443.2227
-5.663829 -283.9339
-15.6024 -3064.092
7.728646 674.7377
-11.59382 -1090.826
10.62223 1129.409
-14.28697 -1847.046
17.25611 2420.822
-1.893468 253.3827
-18.90077 -5509.143
-4.180833 -428.2418
4.382612 -231.4319
10.70609 319.1355
17.52843 3705.897
5.7719 355.6033
-15.63944 -1985.108
-1.884502 -170.8941
-15.81216 -3414.141
-2.237549 333.6211
2.344943 -164.4547
10.34754 1295.294
-10.59803 -686.4887
9.42456 346.8502
9.58937 -321.3256
-9.503154 -965.5621
-16.08975 -2053.29
-18.12409 -3925.781
-5.908287 279.7169
4.523234 1010.309
-0.6772867 144.367
13.54041 1552.413
3.955853 -58.20647
4.399589 -305.1775
-14.18632 -2332.644
13.82978 1229.189
0.6508533 122.1515
-5.932632 -37.38301
2.860525 294.4093
7.395312 676.4502
-13.0938 -2272.372
-19.04144 -6472.079
-15.35308 -1624.07
-18.89746 -4907.354
-10.35705 -255.9298
-10.29611 -450.6552
0.7490478 -291.3456
-16.94976 -4116.512
10.02818 758.985
16.08262 1778.91
15.65496 2581.8
14.81848 802.4713
13.91702 745.4573
9.769603 1193.439
0.3538334 719.3463
0.1815265 -628.6075
2.572176 39.88055
-19.32814 -4679.711
-4.576534 -101.2704
-3.896979 35.91439
10.33312 718.3747
3.782962 -772.3549
9.783396 746.5261
19.08462 4022.319
14.19536 1466.619
12.65358 409.6923
-0.9693254 30.57861
-14.14907 -2776.528
2.149828 252.1984
19.46526 3250.961
19.80718 4240.093
-5.236985 -126.5296
10.11538 792.4156
-13.70737 -3434.288
-5.045276 -119.6847
-4.992309 514.7791
-14.88505 -1855.717
-11.35523 -1733.461
8.999742 99.46531
1.520638 -483.9771
14.00068 2079.479
-5.584037 181.9661
7.392787 63.51692
-12.325 -1821.077
8.129412 460.9535
-8.945778 264.7057
-9.216361 -1615.892
-6.366887 -408.613
10.31634 811.6162
-15.42855 -1486.582
-18.70352 -5016.056
2.730931 155.7108
-18.20172 -4056.927
-18.80233 -4956.422
18.07366 3245.226
-3.914464 -327.6163
13.10492 897.2093
9.507783 953.117
14.63989 2470.327
-17.9384 -4697.941
-12.26655 -2035.814
8.753886 312.7714
-10.3854 -883.6366
9.046144 -687.5631
5.439357 189.0673
-17.03275 -4470.432
15.97307 2139.187
19.19205 3319.8
14.90386 1287.7
-0.7496387 -90.88257
8.10229 268.2061
18.3037 3765.071
7.148391 434.7256
-11.34781 -1498.434
-16.83924 -4372.424
14.36179 1644.382
-12.74986 -2556.304
0.5399328 195.7228
1.099218 -219.4147
3.16209 67.22387
4.736666 874.8277
-3.872447 -88.8798
-14.49427 -1800.343
-9.35459 -946.7115
-19.57524 -4218.888
5.969176 -563.7227
-18.04165 -4882.234
8.523394 162.8401
4.798007 -75.78929
6.538461 933.1395
-3.629976 -550.9589
-8.199099 -653.1447
4.080273 -229.1153
9.224077 519.7671
-14.94759 -2917.272
-14.43622 -2641.749
12.4442 1477.911
3.04798 -416.9406
-4.614666 761.9772
5.44087 -564.1696
-10.52803 -1120.64
-4.572964 -21.01424
-19.40621 -5863.388
14.72439 1734.453
-2.834424 -555.2639
14.23149 850.4343
14.7994 1618.284
-19.24409 -6014.177
-2.034352 297.5584
0.3073274 830.5758
-5.373841 -852.4583
0.4557661 421.0599
18.11384 3432.911
-16.76404 -3565.901
-11.68393 -1159.106
16.88546 2790.851
16.16928 2614.095
0.5185774 -346.8052
13.18815 1772.953
-4.226805 52.60893
-8.497975 -101.6371
-7.920776 -992.1147
-16.03456 -4034.934
3.394491 368.707
10.90449 408.0802
19.33861 3780.441
-2.708502 -497.7632
4.67732 46.66512
14.49785 1263.348
5.306703 -804.3196
-16.47244 -3298.104
12.61847 1198.93
14.06897 1425.01
-2.818422 -300.5342
6.368212 362.1503
17.38152 2308.626
-12.40018 -1695.07
-11.8581 -1641.101
4.816093 -601.6584
-10.43853 -1273.34
14.70876 1801.208
11.21715 187.6467
-15.1522 -2247.182
-17.95356 -3745.306
3.179614 -448.4628
-19.92809 -6256.687
-11.70922 -1313.229
-13.65094 -3154.268
-15.51521 -3012.563
4.218199 305.8649
-5.061137 196.6322
2.485259 -652.1071
-8.067968 -715.7527
18.70575 3036.469
-16.74503 -2576.678
13.64972 1332.282
11.57759 878.6474
-13.24438 -1652.68
-16.75088 -3351.784
-12.7546 -2569.157
15.80738 2160.155
9.714746 196.3326
-4.401073 -297.5819
16.04898 2313.895
0.7365737 -596.3793
-0.245261 509.6756
-4.194531 283.4776
16.91451 3798.365
18.50526 3575.464
-15.90689 -3957.387
2.85379 220.0753
-12.43867 -1413.423
18.9133 2794.767
-5.039812 26.29335
13.92728 1180.017
-11.62132 -1487.752
-16.72435 -3356.505
-1.256477 -160.5108
14.68437 1036.231
2.009281 1046.541
1.07024 -113.8572
14.37746 1612.642
-6.404778 509.9552
1.985746 -55.14731
-7.325883 -807.8184
14.25609 1269.44
-0.183789 621.4721
1.554834 596.5562
10.01631 -201.0006
0.9661063 301.3312
4.935202 599.8434
-7.352088 -423.4481
-2.699284 447.8091
15.27057 1619.69
5.394946 1010.256
4.647603 -810.2373
9.188833 -38.70639
12.54585 -538.1946
10.24425 -465.6489
12.2164 580.2794
-17.48794 -3704.119
-5.195716 505.6766
11.68426 1264.158
-10.71063 -2189.608
-6.902854 -1405.18
-0.7498622 315.0806
8.299891 -289.0172
9.659528 594.3846
11.6048 1168.946
-11.57728 -796.9803
-1.839625 -320.6574
-14.11327 -1874.917
19.57969 4977.4
-8.364211 -663.4191
17.42927 2479.76
-19.7145 -5149.235
-18.15579 -4137.932
5.495371 276.3971
4.132263 367.0242
-6.505884 -38.33746
15.65256 1576.774
-17.6777 -3841.196
5.533044 9.493578
-10.71352 -1409.205
3.482074 -149.0165
1.56578 -317.978
-14.5109 -1797.317
12.58905 240.8711
14.27897 1188.504
11.11408 1338.899
-1.872059 309.0023
15.42247 2120.999
-11.50247 -1732.99
1.092404 158.2032
-11.78228 -828.1579
-18.14631 -4548.955
-10.28626 -1559.65
7.98803 599.1276
12.47466 269.4389
-9.84774 -398.5755
8.407264 498.9964
15.82503 1218.021
0.8027957 326.0252
6.163784 171.911
-15.69262 -2126.652
2.019272 408.4115
16.11494 1623.817
7.6568 670.1806
-12.65609 -1404.509
19.58128 4961.594
0.6385315 -178.3482
8.271741 656.1555
-18.35699 -4800.867
-11.95284 -1315.16
13.35216 2282.942
13.98397 2079.158
15.24973 1714.92
9.754509 -398.1861
7.875947 247.6053
0.4291772 -795.4806
-15.77127 -2522.177
-6.563488 -571.7407
0.3427648 -89.19428
-9.920937 -600.9135
3.678235 1341.383
-4.231527 715.6773
16.74401 2657.798
6.73897 215.0316
-16.90161 -3300.107
-17.66196 -3872.033
10.09784 484.9731
-16.59747 -3090.32
-5.119213 294.5125
-2.97508 -277.0679
10.14384 -363.8402
-7.277029 67.42534
-5.811456 -487.6535
1.708007 33.44912
6.892704 478.3953
5.315525 425.4903
-9.729024 -1044.209
-12.53951 -1690.053
17.97743 3139.362
-11.11735 -1742.741
1.506191 -811.8823
17.74533 3373.854
-3.923465 310.8761
11.33542 388.72
13.14077 762.9815
-10.82154 -1460.887
11.61516 975.487
-14.36747 -1855.697
-9.539487 -1286.598
16.99791 2434.108
-14.65425 -2837.764
6.340672 924.6156
-10.50923 -1136.627
-14.27373 -1695.58
-3.222536 11.36504
14.04109 1457.384
19.62195 3776.234
9.400376 854.5137
-18.66046 -4773.193
-5.81372 -110.4224
5.587153 273.3232
-7.678333 -895.9704
-1.143399 -554.3657
-7.169282 -1085.416
2.883616 -253.6543
12.79572 510.2201
-4.535089 -345.4698
-16.91837 -3629.938
15.33765 1581.263
16.70978 1880.945
-3.600916 -1178.474
18.60996 2256.394
-11.39082 -1616.931
-18.78968 -5106.736
-8.677959 46.78844
14.05559 722.4763
-4.466363 -20.0223
-9.840768 -1340.835
16.60068 2298.827
5.196766 759.8953
0.6790367 84.42237
-19.38342 -5910.022
19.314 3834.922
-3.45922 -59.55211
-13.4699 -1791.001
-18.10743 -4440.772
2.163604 -349.0074
12.92311 1302.051
-1.092652 -3.025615
-19.43346 -5164.258
-5.891565 545.5724
13.72175 1908.156
-6.631604 -603.7921
-10.19854 -276.7897
0.5896233 319.6223
0.734779 274.7878
16.6447 2657.135
-4.381938 -828.4074
17.96718 2847.145
16.41086 1549.186
-1.340304 502.841
-13.74773 -1635.982
11.5116 803.8147
-14.03694 -2142.728
-19.18855 -4435.951
-5.057671 -31.77246
14.35248 1591.194
-15.98655 -3161.621
-13.08223 -2043.079
14.52381 1787.176
-1.592852 931.8108
-12.08799 -1220.936
2.788053 -863.1845
17.80675 3001.78
17.17156 2873.977
-0.4174836 681.9658
3.776765 -1257.211
18.35612 3685.024
-16.60618 -2874.576
-5.418933 -763.3618
6.820102 -171.5817
-5.018811 258.0756
16.21777 2653.714
-16.44287 -3667.588
-11.3945 -1118.629
-9.911367 -685.4867
-10.68005 -1011.743
-0.6151867 -102.8271
4.583923 675.7633
-11.21072 -1673.802
12.67193 1836.704
16.25225 2306.547
-9.162226 -514.4263
-12.03673 -772.4295
-5.633162 -238.8262
-10.74047 -657.0446
-13.36237 -1998.903
-17.19809 -3795.078
-11.71653 -726.098
-3.455354 1358.038
11.9186 738.017
-3.306303 -787.7952
-2.410589 644.227
-16.01619 -2648.834
-4.193202 -735.1004
-10.56393 -838.1221
-19.73859 -5502.943
3.915338 963.5941
15.24711 1121.209
19.40731 4837.137
-11.92864 -1129.262
-17.22047 -3407.798
-18.83442 -4216.961
-6.607849 93.76466
-15.33493 -3356.959
-13.0659 -2024.767
-0.1695398 121.2851
-17.2486 -3657.322
0.9959573 447.4227
17.75122 2384.051
16.79155 2357.646
6.697395 532.2898
9.433849 -308.2654
-4.627322 -550.8831
-13.68305 -1549.542
15.77581 1987.554
-2.25173 481.791
-19.50899 -5880.532
13.48265 1423.251
17.6122 3753.311
6.594793 392.3199
5.51945 84.66191
-15.43087 -2422.905
-17.45418 -3437.823
-6.758475 -808.4284
-13.30261 -1390.607
-15.944 -2287.724
-9.13145 8.444356
18.73202 3501.019
12.87439 1130.554
15.2141 1263.528
-3.176606 -39.63347
1.984879 1086.607
-2.534593 298.8692
0.9462315 -196.6394
3.610563 -650.6011
-14.93134 -3225.229
7.507878 -473.0511
-7.314757 -276.7563
-1.277225 -65.69863
-1.26343 340.5931
-5.634032 -264.3633
5.032234 -303.7897
17.7031 3568.353
7.812726 827.5196
-7.743742 -475.9629
19.23253 4227.128
17.30101 3026.979
11.8243 823.2697
19.74015 3738.859
13.50447 1213.166
3.911952 -306.3188
9.35615 -15.54847
1.436955 -323.4752
13.5442 2564.009
5.53446 92.11745
-18.35197 -4753.043
16.57207 1268.468
18.44495 3572.978
17.15397 2200.319
7.917267 575.5241
6.174863 -105.1756
2.738113 -287.6338
3.262217 -115.5395
6.964926 576.2347
10.44384 242.1101
-17.98845 -4643.805
11.69539 575.3821
10.02307 496.0003
15.23471 1514.696
-14.40308 -2849.531
-8.443764 -165.5285
12.01412 437.6004
-9.649199 -345.6836
-14.58981 -2119.568
4.608511 1032.494
-7.108401 -785.1875
-2.683621 -191.608
-2.249266 -510.6611
-14.05864 -2649.036
-18.27923 -4020.921
11.58613 422.4263
11.4598 449.9038
-12.24449 -933.5909
8.110699 1186.186
2.665983 -813.0972
-14.07659 -1742.404
-18.4952 -5379.928
-17.53442 -4057.174
4.763106 212.7415
-5.596446 -611.6458
9.932825 694.4079
6.637533 -166.3447
-19.75944 -6282.495
-4.656503 -593.7623
-3.948274 64.03722
13.44783 1583.351
12.25032 1435.063
0.8638266 59.15954
15.93199 2663.318
-2.050758 138.7728
6.839336 -861.5339
8.914998 1211.103
17.96323 2872.851
14.07201 875.3737
-7.736576 2.429787
6.998374 412.2089
-6.509535 -52.04109
-17.46478 -3899.399
16.40447 3094.054
-15.15856 -2832.803
14.88199 1216.855
-17.8932 -3679.317
18.05412 2480.041
-16.61227 -3072.891
5.422799 -233.3738
8.037767 392.7197
-15.10889 -2497.268
12.82038 594.6495
-6.427448 65.35572
-5.769485 591.8405
-1.024204 -625.0784
-14.42963 -2383.623
2.456747 730.7015
-0.8501866 203.0433
-18.71815 -5121.428
1.006471 -875.1308
8.009816 319.8532
-11.33354 -1624.375
-17.32642 -3706.54
-6.516953 -560.0378
-1.618297 674.8263
-6.852619 -1119.353
10.57041 1174.254
13.36471 1210.683
19.78318 5207.909
3.125118 506.3567
9.25744 803.6003
6.333924 1182.205
3.488963 150.6592
-5.527075 -1189.551
15.84303 1726.655
17.90735 2902.531
-3.996399 145.4075
-9.510052 -465.2216
14.78792 1602.129
14.51262 2434.288
7.588191 485.874
4.369153 644.9583
-16.7752 -4037.871
15.37201 1938.577
-18.81425 -5456.742
8.810899 660.163
0.9751523 -826.2556
-17.62872 -3814.163
-12.50739 -1692.773
-8.22518 -339.2912
5.085081 -226.1309
-17.0387 -3468.356
19.84498 3169.602
18.14643 2751.769
5.761437 -300.2752
-16.22457 -2454.193
-19.93303 -6351.966
-16.02123 -3099.79
8.761605 -277.1041
6.637426 -265.2577
8.509542 1011.726
-3.272231 -297.1416
-12.98173 -2192.047
15.07544 1696.958
-18.64206 -3216.393
-8.82856 -622.9556
9.837175 494.7591
14.57337 2122.931
15.71471 2468.469
3.998032 259.455
-4.960674 1.966285
-8.473838 -466.8666
-11.42233 -1641.402
1.633802 -189.1958
-8.444649 -511.0272
11.52615 744.3612
-0.5544199 -246.0309
-18.72049 -5667.736
-17.91477 -4844.847
15.21532 2678.069
12.50298 398.3338
-8.576638 -862.9037
-12.24174 -1391.428
16.50615 3176.26
-3.398081 119.2419
19.37517 3694.954
-1.183552 -605.0708
9.478048 435.1335
6.259395 1225.86
-11.64925 -1310.846
-7.410779 -1107.221
-16.18863 -3473.003
2.519641 -840.8048
18.86119 2897.957
-3.954734 -545.1295
-9.904661 -1947.932
-0.6571889 919.1978
12.82961 1833.577
19.39363 3412.584
5.948843 -633.4825
-4.5304 -58.50833
-14.5671 -2420.774
14.22847 1539.03
-8.6447 -950.2062
-11.49326 -1255.779
8.459743 63.49864
15.00095 1782.56
-5.738873 834.6211
19.41098 4235.512
12.09897 481.6281
1.071106 918.672
7.88186 758.3791
-7.431773 192.6836
12.92217 1184.362
-8.374201 -222.043
16.32217 1726.315
-15.543 -1450.5
-19.30035 -4312.737
-6.305497 -316.5934
-7.326853 -739.5535
16.05886 1635.954
-15.36606 -2942.372
8.132295 614.141
16.00194 2197.848
-1.751684 -108.3828
-18.70509 -4549.638
-12.8274 -1165.507
13.86725 1111.278
-14.3045 -1249.562
15.36883 1436.647
15.04979 1780.536
-6.370593 -473.5318
-11.26705 -1613.028
8.906883 408.1867
12.30732 428.6654
11.62244 1375.3
-4.833336 -709.0321
-6.391448 -416.5825
11.18828 1679.182
16.07214 1944.745
17.90828 3441.874
-13.53039 -2315.153
-11.48229 -1797.635
-7.600901 -16.45176
0.1076093 502.8475
9.551892 1668.643
-9.416634 -796.1376
7.515203 -311.8751
-7.006328 -1333.883
10.5932 1802.693
15.19272 2695.071
14.882 1426.362
10.24984 1106.03
8.59272 783.7168
16.29329 1890.341
-19.98511 -5967.078
4.152646 5.393832
-19.50469 -5778.228
16.61618 2552.392
-6.385825 -267.8985
-9.347452 -1145.647
-8.121904 395.8955
-1.490497 -825.7266
1.551719 21.71474
5.423871 -363.1431
12.55543 233.9195
13.39436 1908.123
14.64842 1957.662
-14.11435 -1904.222
-15.7933 -3675.366
-11.12453 -1374.935
-5.647841 518.7349
15.6571 2434.578
18.62868 4078.424
-10.87216 -1049.818
-2.265562 1399.182
-8.737771 -748.3318
-4.912262 138.8531
8.578076 2.630701
14.27675 1874.101
-7.894755 -730.6391
-15.79233 -3292.225
6.110766 435.8606
3.663886 -378.206
-14.236 -2528.933
19.53796 4037.562
-19.09795 -5819.85
-4.527138 -69.51515
11.5183 320.7127
3.453406 77.67349
14.62091 1907.434
16.65551 2647.972
2.641416 -764.1625
5.405613 329.1815
11.02453 368.3722
12.87926 1321.709
-7.152239 -793.8636
0.9903404 95.78343
15.23927 1281.536
6.355003 -119.4481
3.551046 -15.52203
-13.25336 -2197.091
12.98645 816.5139
-15.51317 -2888.896
-11.16491 -898.079
5.723867 142.3516
-7.174398 -430.8442
19.3069 4282.014
9.620129 240.6041
9.722767 693.1417
-13.24025 -1449.968
-12.84235 -1143.825
11.96844 1036.565
3.628255 -350.9041
15.37984 2597.629
-16.29788 -3701.969
-10.80265 -1465.684
-15.94326 -3318.319
-0.771384 599.9089
1.165462 870.6886
-11.48051 -1218.111
-12.75904 -1392.718
-17.07438 -3320.681
-15.99635 -3453.112
0.01546304 -154.9117
-8.231148 -1034.122
-11.87355 -455.7718
9.72173 418.1859
13.94394 1320.065
19.02809 3802.936
5.65268 254.375
-0.2010781 -672.0023
-14.20576 -1363.171
-2.308523 699.9634
15.8287 1988.953
5.007201 -161.2633
13.87257 1091.876
8.369548 696.486
12.26745 1524.063
10.30222 -55.48373
-4.566774 502.9662
4.808062 40.26741
18.42644 2681.223
15.55748 2607.381
4.474884 -861.9997
-1.723877 825.5763
-4.42699 -178.5221
6.14356 -514.9159
2.704263 858.159
-10.0881 -524.6913
9.867644 198.4281
18.8659 3045.742
12.90737 1685.209
0.5284247 -153.5229
-2.800303 420.5672
4.710356 196.6688
-15.47714 -2040.94
1.101124 254.0163
-5.804127 -1155.721
7.498063 -670.6646
9.324304 -2.473882
19.24344 3422.172
4.211867 110.7156
-19.2499 -5342.304
11.40738 1501.539
-14.16229 -1451.809
-13.91379 -863.8365
-19.546 -5073.063
13.11811 569.6594
3.615444 459.0986
-15.38265 -3274.14
-5.346344 265.4145
-5.593863 -521.4208
2.666237 -110.0299
-5.072369 235.5387
-16.00397 -2519.102
-3.495329 330.9092
-9.571137 -1093.084
-6.32265 -237.128
-9.832866 -1428.066
18.87984 3564.867
11.16552 13.93544
-11.25896 -1594.065
-5.73623 -197.3002
-8.051921 -752.1097
14.29066 1665.302
-19.48953 -5288.696
-14.11051 -2261.661
18.81862 3279.74
19.35036 3321.239
-5.111951 406.1095
15.80117 2307.425
-9.60527 -734.4948
16.93884 2946.755
-10.268 -1880.634
-8.656777 -1112.4
6.534618 -209.0288
-16.84462 -3689.719
14.60329 1355.131
-2.666017 58.7899
13.42006 735.8153
4.809171 -86.37494
14.50675 1895.307
-1.853754 -139.5104
2.906252 -71.09438
-8.193128 -1136.048
12.61624 1044.173
-16.22646 -3375.882
3.96587 -264.8841
13.15457 1355.587
8.258768 342.4927
12.43269 1358.899
-15.75169 -2821.836
-1.055798 -554.3983
-4.096002 -965.5605
-6.066926 231.9963
-0.343351 -417.5814
18.38629 2961.845
6.662419 116.0201
14.04721 868.0644
-3.806855 -86.06146
-3.955106 416.7519
13.82957 1080.84
13.98651 1200.434
18.59743 3527.647
7.916851 325.4043
-19.72526 -5655.253
-19.95802 -6022.669
2.643707 404.6908
3.197555 -928.4522
-7.68285 -906.3258
2.9784 387.1081
13.1413 1977.854
16.88688 2313.445
7.64431 67.70257
6.928429 259.0941
-15.79741 -3183.219
5.245608 -317.0439
15.01701 1762.27
-14.78557 -2662.699
2.549138 -340.1433
19.83301 3557.733
19.24621 4213.155
-3.892915 -791.5869
-16.27141 -3052.258
-15.90897 -2572.978
0.536581 -309.184
-13.59017 -3158.42
-4.947194 566.9205
-19.4567 -5281.313
7.451874 326.7048
16.09546 1967.67
1.649816 509.881
-7.035142 -483.6822
18.42955 3235.167
7.511782 596.7692
-7.41282 -403.8134
-4.722835 -531.7622
-16.01703 -3222.187
-13.30691 -1656.129
-2.311224 -412.7241
7.029937 121.7081
-9.12744 -237.8633
3.680109 -597.6187
9.752592 453.116
7.963167 239.019
-18.80252 -4840.739
-3.063053 385.0542
-11.39771 -606.0464
-4.843056 175.2589
-10.51638 -837.9132
6.986776 -142.2529
16.6906 2451.175
-11.81631 -570.5046
4.865095 637.9508
-0.4836298 -955.8757
19.25776 3547.279
-8.593483 -271.144
-12.65681 -1962.478
11.70386 500.3143
0.973496 248.3051
-10.30709 -523.6819
5.052313 277.1903
-4.41314 286.4525
14.9321 2111.217
8.911896 -159.0953
19.31929 3688.657
-15.61447 -2960.708
-16.40695 -4090.582
-5.84593 -551.8132
10.64113 556.7686
3.214709 -185.286
-6.91037 105.2905
-18.13535 -3853.919
-7.624581 -113.5619
-8.070422 -620.9175
3.18113 409.4368
18.88297 2542.018
6.258462 685.7387
-1.515457 -259.5481
5.528274 1270.065
-1.670345 -245.9527
-1.476001 479.9596
-6.478155 -1030.023
-13.42818 -1909.837
-5.047896 -63.25773
-12.81786 -1264.002
-12.34928 -1548.106
-17.03438 -4613.65
-8.670563 -1081.745
12.89606 1272.721
16.02139 2222.187
15.4895 1706.561
2.112926 -5.863728
4.59005 192.6801
1.26277 -462.2634
18.51309 3808.843
14.81548 1909.074
0.863612 -1067.446
-18.80587 -5660.147
-19.93246 -6171.846
-5.177495 460.6938
-2.398013 607.5665
-8.423984 64.87691
-3.133107 -233.8945
-12.26928 -1266.07
-16.5004 -4062.565
-1.841448 604.5177
13.81246 580.8489
-15.61201 -3720.015
15.51972 1842.895
17.7831 3102.617
-5.905334 111.3311
-4.672897 -223.7758
11.97191 312.9619
-11.84887 -1175.391
-9.635739 -391.6614
17.99017 3415.79
18.20985 3203.913
-16.0896 -3181.941
-14.92912 -2355.439
15.03229 1259.55
8.485138 -677.4712
16.36802 2993.029
-12.9609 -2272.022
-3.356534 -35.07031
2.632807 -1072.996
1.664463 90.97207
-8.69251 -634.1293
-5.435131 -888.1501
-2.931412 537.5159
10.98695 1821.745
18.12724 2848.072
-15.30337 -3454.344
-18.14344 -4033.759
-8.197708 -680.8375
6.978726 -143.2161
-0.330247 79.83458
-7.3603 1077.351
4.210981 -67.34973
-11.59057 -1242.714
-1.395299 -466.1467
11.99312 431.5543
17.06393 2520.24
9.770146 -26.75797
-17.69024 -4363.309
-17.21996 -3742.844
14.77467 1984.844
6.138285 392.204
15.48128 1428.789
16.32894 1988.486
-12.56533 -1637.418
-0.2930027 -7.874955
6.3248 -73.75175
18.47606 3282.328
-17.55301 -4611.942
-10.53622 -971.8206
-17.46314 -4355.913
18.5853 3742.823
-6.500296 251.4036
-14.61995 -3607.169
-16.13915 -3749.995
-1.507932 100.7163
11.81291 983.0602
13.71167 1465.843
3.006114 5.33652
4.25793 310.814
-7.704473 -1788.09
-16.93086 -3982.202
-10.67388 -997.1393
-9.484953 -763.94
-8.08031 -656.4523
-7.410197 193.7012
10.12063 297.8679
-10.31512 -1306.161
13.96183 1481.95
8.147549 734.0985
-12.1314 -1163.79
7.835645 864.8222
1.562523 -209.972
14.03979 1626.352
-17.56409 -4141.138
-1.060237 -92.59526
12.81792 1055.232
-16.38435 -2957.511
16.10236 2367.957
-5.240674 -992.5416
13.62109 621.846
-16.9526 -3647.54
-16.45103 -3627.533
-6.045047 -977.1253
-16.90916 -4210.389
15.3138 2668.834
-3.891933 -728.0331
9.498223 42.26688
-9.766142 -285.4499
-18.44887 -4040.68
8.00334 -561.3654
4.049701 7.222451
3.866379 241.2455
5.340595 435.5972
14.46066 1337.25
3.903408 844.0319
10.80826 474.9578
1.911997 308.6658
-1.17982 342.8054
17.2865 2492.379
-13.92358 -2433.928
18.9433 3053.528
-11.1917 -881.7537
-1.948516 606.3247
-19.21054 -4667.264
-17.05232 -3585.899
8.759301 878.4701
1.972976 -139.5611
12.58864 2031.335
-12.7241 -1633.336
-0.9233643 -1096.387
1.157252 -603.4054
2.821213 -912.4471
-6.517462 -475.4772
-3.925428 994.9577
-18.43691 -4434.577
18.8432 3415.825
12.97778 781.0139
18.43287 3552.407
2.597549 313.5905
-0.5861391 410.6481
12.94286 1230.719
-10.2805 -796.5216
7.716826 907.9857
7.686097 230.5447
-10.4768 -568.9109
11.55302 1475.579
-13.09142 -2099.398
10.03066 683.2977
-0.5431154 -81.81532
-6.996759 -707.6001
-4.88991 -659.0848
-12.8858 -1267.911
-7.064472 28.39888
14.76813 1636.798
-18.11534 -4674.756
6.863573 345.9111
-0.2909569 -127.1721
-9.620714 -406.9196
-15.29985 -3089.961
1.122189 -472.3856
16.48527 3365.394
0.6036904 507.5034
8.637289 -420.2499
-4.511746 29.06415
10.16168 434.1743
11.0777 224.9632
0.6045232 378.291
-17.24849 -4027.438
5.211234 -371.68
-9.41975 -490.3396
-13.29012 -1539.419
17.81133 2815.309
0.6367025 -294.8661
-2.927167 -542.2358
-17.74394 -3707.661
14.41576 1291.837
-9.653047 -191.6782
-4.656772 339.48
-19.59244 -6284.301
-7.375173 109.3536
-13.65847 -2525.773
-12.42255 -730.1252
-2.189904 -252.801
-1.715091 134.5569
-14.95366 -1949.948
14.81002 902.1887
-8.9113 -363.7998
-17.82675 -4218.666
-12.13588 -397.4885
16.68725 2614.957
6.38589 387.5527
16.79457 2860.414
-6.138794 339.539
11.89277 1130.999
-5.160371 -197.7511
-7.053681 -134.2514
-7.694071 373.488
-3.095095 -498.2647
-15.41765 -3497.73
-5.412803 -258.5613
-15.16063 -2568.438
5.890573 -579.2135
-12.2375 -1797.805
-13.0717 -1435.238
5.805217 -555.4515
-0.8705392 97.43578
2.397996 -663.7476
-13.23354 -2936.41
5.384356 195.1685
-11.09937 -1452.609
8.72233 231.9605
11.03558 1349.325
-6.227721 -162.354
7.936029 -413.2679
-11.27005 -673.2857
15.15179 2061.324
-0.7406439 -681.7719
5.388194 -997.7472
-4.438673 -100.502
-3.01446 -265.2438
8.851406 817.828
-17.01479 -2810.831
8.483783 82.63377
2.134343 -45.47494
9.422869 -91.83102
-13.7354 -1672.825
-6.258161 -597.4912
7.336614 837.4624
-0.6838258 74.39277
5.884796 342.2479
-6.554825 -585.6824
-18.01338 -4783.124
-3.941786 -380.273
4.028238 218.6081
-8.015838 -480.5381
-1.800277 1078.292
9.161015 470.5829
1.948767 140.2543
-19.89882 -5840.889
2.390749 -82.45361
11.17163 -32.4245
-19.52528 -5175.144
-16.54131 -3004.523
-9.910283 -493.122
-6.278126 -476.0267
9.719442 863.1983
-13.08342 -2711.853
19.32289 3702.981
3.665177 1208.684
-14.20719 -2622.454
1.371408 68.87853
17.93771 2715.016
17.55487 2782.292
11.04913 1215.27
-18.97715 -4790.949
-17.70855 -4408.312
13.60071 1823.25
-12.95656 -2506.684
-17.89228 -4450.383
-11.43623 -1704.99
7.32062 379.6589
-6.689004 -4.718501
-9.736861 -188.9924
12.76182 1083.652
-19.03019 -4139.903
-16.29784 -3433.457
-14.47232 -2735.333
-1.086417 680.9494
-0.8547642 -518.6775
-11.43566 -1527.845
13.58907 1846.727
-14.04886 -2104.661
-0.7380047 515.239
7.047802 168.2005
12.2111 700.16
-8.240522 -1583.72
5.984757 81.37783
-1.170367 -573.1048
1.870891 1218.726
-16.38022 -3075.871
10.63567 341.781
9.967908 1093.69
12.83236 1052.866
6.092506 515.7573
14.3471 1417.376
0.4736328 -702.8413
-17.06902 -3858.932
12.24205 168.3149
-11.2287 -1217.868
-11.82855 -954.5892
8.704308 872.9237
13.25019 1838.338
2.445308 701.5044
16.30714 2602.301
16.13732 1809.019
0.6259767 770.1238
-7.082449 -403.982
-10.02277 -637.3083
-11.83824 -1069.278
-4.623586 -221.5867
6.48196 444.384
0.4748916 -667.4355
-15.54372 -3078.593
5.550692 440.1064
-15.97605 -2644.746
-9.695177 -208.6942
-19.29588 -5126.11
-15.15079 -1920.92
-6.448145 -413.716
0.6309875 -347.486
-15.03371 -2940.23
13.02878 234.9772
-7.360932 -1187.783
3.309931 -259.9389
10.56725 1275.643
18.13265 2771.404
2.696643 194.6153
-12.98589 -357.2646
-3.151334 -338.216
19.29356 4299.494
-4.823031 581.0684
10.61813 354.3109
2.51931 -437.0516
-2.468849 341.1943
-12.63903 -2809.621
-14.09078 -2253.093
8.785601 94.28061
-12.29668 -2130.921
-11.72366 -369.251
-10.30786 -1121.46
18.18731 3964.265
7.905305 471.7556
7.246009 1442.377
18.01953 3273.779
7.743097 765.7724
4.354715 174.6994
-3.3874 737.7365
-0.05673281 219.7293
17.5985 1745.04
-14.86919 -2195.763
6.007894 -64.74078
16.64475 2274.982
12.11283 673.1773
16.41398 3088.289
-18.28412 -3351.932
1.292908 114.6631
-14.65614 -2523.357
-4.333975 -320.7935
-8.497134 -1405.894
-18.34251 -3837.635
15.12478 2478.566
-2.97464 255.2439
-16.5133 -3137.629
-4.853049 -1217.527
-16.37533 -3124.353
-12.41214 -1524.579
-6.636903 73.65247
9.137152 11.96357
-2.284429 -415.9453
5.735525 234.4711
17.88476 2770.914
7.74456 1125.596
13.91061 2481.943
-12.97936 -1190.529
-6.100092 243.1882
9.57742 432.242
8.74029 966.565
16.70809 2748.659
-16.20507 -3656.343
-15.85616 -3337.583
-5.643302 -45.65967
-15.98329 -3383.271
-8.514663 -325.9606
19.57777 3451.167
-7.227223 -376.1397
19.47129 4256.696
8.843712 447.3723
-4.292743 -9.328873
3.317383 -1367.119
-3.630191 490.4633
-1.602797 795.0958
13.83 2282.889
-6.953691 -680.1507
18.70932 3227.753
-13.84819 -2126.74
-4.397255 -152.5068
-17.27325 -4046.191
18.55186 2763.061
-3.040752 -299.9027
11.6447 595.913
10.93736 175.7652
11.77283 614.6864
-10.79224 -2323.408
-14.54008 -1629.538
-19.07475 -5949.542
-18.66599 -5110.058
10.09788 67.79043
-11.29476 -964.1961
-15.92551 -2696.28
16.96933 3141.562
14.73722 1466.345
-14.21734 -2729.283
5.688794 -991.8046
-13.14204 -1008.093
-0.03083483 985.6462
-3.786846 -267.2537
10.31755 447.382
17.51901 3156.962
17.08713 2744.137
-7.350517 -980.9697
16.93245 2195.672
19.13054 3790.908
-13.26986 -2287.946
-7.282201 340.2803
4.89815 7.691834
-2.646478 -52.46978
-1.439136 538.0009
1.868487 -323.6294
8.202618 743.5866
-0.09046271 228.658
-6.393563 -696.9747
17.34437 2605.491
-0.1753501 659.6714
16.25713 2556.575
15.77855 2175.145
19.45849 4582.122
-8.067524 -172.2556
3.263553 -100.5998
18.53263 3736.842
-13.76168 -2386.224
-16.49027 -2707.659
-17.41955 -3859.419
-6.42078 -396.0162
-6.218762 -317.0545
17.23211 3046.618
8.689961 117.2954
-15.27937 -2607.004
11.53525 798.3239
-15.61895 -1859.264
-1.395588 391.3658
13.83927 1436.366
1.648442 308.9147
5.876226 -1136.925
-9.542612 -1787.546
4.631505 -129.3029
10.19455 999.867
-7.024921 -930.6064
-4.058523 150.0371
1.514564 668.8921
18.37184 3561.751
0.3619886 -910.6777
-16.92168 -2693.804
-9.129066 -881.1879
6.518184 584.0998
1.563974 5.788426
15.97079 2182.293
8.548812 668.0251
-9.135032 -606.8892
-0.6251082 186.1735
-9.925948 -1288.831
-0.4290301 -83.11963
-2.498077 -315.8787
0.9621055 -14.48775
-3.026714 -29.36913
1.749375 826.546
-17.05049 -4393.818
-8.933649 -281.8885
11.02258 741.0844
19.99292 4539.125
-0.02726349 -314.0889
-9.319522 -1168.588
-12.2823 -1922.94
13.17426 705.4991
6.615379 -175.5246
3.582266 -285.7478
-17.41914 -3738.947
10.52884 -762.1335
4.003128 -202.7903
5.981944 35.6345
-6.622294 -860.9539
-8.674551 -278.2603
-5.590158 475.5555
-14.74952 -2707.79
3.949582 -402.8048
-12.39033 -1043.615
-1.371919 835.4834
19.7521 3879.809
3.815625 736.3605
7.239617 52.48148
1.761365 -695.2488
-12.98942 -2252.52
11.40727 682.9112
-2.907796 217.7961
19.3382 4638.401
5.928065 -345.4368
-15.86043 -2866.406
9.303576 427.4534
1.891409 293.0062
-2.333682 488.9952
-13.40034 -2119.836
-4.101147 -557.506
13.60913 348.7752
14.58905 1661.732
-15.12188 -2668.631
1.565685 -309.1311
19.1495 3101.715
9.984125 59.08317
19.59146 4204.94
-16.63439 -1886.23
11.80568 1758.501
-5.478699 -91.49004
8.986935 811.7246
8.356693 -79.86381
-13.79697 -2572.149
-13.02333 -1225.877
-0.9350253 551.1191
-7.348056 145.892
0.508953 441.5311
-9.388037 -692.2775
-17.52093 -3796.54
-2.865103 641.0763
19.65091 3936.531
19.97714 4963.377
-18.05251 -4047.361
-4.40259 646.2732
-17.2206 -3566.66
18.13214 2679.093
16.21526 2301.575
-11.82053 -1412.466
5.934502 159.8947
2.431445 267.8314
18.86716 4619.787
12.59314 1802.451
-16.18691 -2340.288
12.06471 913.7791
-3.907347 -371.7234
-12.79627 -2373.83
13.96951 1721.75
14.68788 1611.461
8.560149 709.0766
17.59641 2277.869
-13.17129 -1403.963
-6.393121 -427.9726
9.02092 874.3158
-11.08911 -504.3998
14.14114 1841.984
15.8923 2928.246
14.16541 1414.538
-11.35131 -363.0591
18.23512 2903.937
-4.097957 -294.3335
-8.810318 -1472.451
9.072999 410.6601
-9.229391 -369.5145
-14.24612 -2193.766
14.75176 850.3717
-1.006486 29.75373
14.96671 1839.307
-1.757669 -375.5024
-18.84677 -4209.39
-0.02901178 462.2102
-18.08457 -4240.766
14.93077 1305.737
-16.09663 -3093.554
12.36872 991.5452
3.481182 -603.9602
-4.388162 -272.1628
-13.95578 -1312.868
18.72637 5122.337
-4.985718 -328.1078
-2.776116 1569.888
11.83773 1048.545
-9.967615 -1459.566
15.8173 3146.589
11.02543 347.5782
-5.217837 434.1295
15.35807 2337.103
-4.962227 120.2556
-11.21835 -1049.9
-15.02938 -3505.845
-14.01701 -2481.437
13.70573 2501.45
-5.24242 -350.5781
6.241599 497.9021
17.13423 3735.147
10.19196 -49.85321
-14.53477 -2439.88
-1.260818 35.33127
18.32767 3188.742
4.172232 298.0201
-0.3099194 -94.13163
-11.68836 -1517.801
-8.572236 -878.1435
16.43409 2147.741
-3.439012 312.1236
-9.104723 -1539.736
-7.893947 -633.7249
-2.727332 276.1146
-0.8486911 -738.6502
2.358744 199.5922
-9.836131 -723.1118
11.82093 1135.239
11.11727 638.512
1.597112 362.6333
-12.15971 -1837.026
-16.49173 -3251.016
-1.441852 -37.44615
10.24524 788.4355
-4.848708 -120.0711
-12.09942 -1135.527
17.99385 2380.233
8.76732 636.7476
6.617197 -768.0021
10.5908 1071.938
0.4662479 150.6708
11.86954 668.152
-17.69452 -4020.241
18.00277 2774.401
-11.50939 -1037.494
9.929163 1203.59
-6.699053 -218.161
3.117255 482.8341
12.00464 1364.871
-7.832281 -180.3397
-3.165707 301.3902
2.097003 887.0172
-3.503167 -139.978
12.72586 708.6205
-9.612834 -384.6654
-14.76861 -2408.369
10.04307 -235.9242
-9.956922 -1177.595
-14.54826 -2433.001
-4.693679 160.9466
8.024742 107.241
13.93678 1211.077
1.939459 -670.1716
-0.2452046 -605.6446
14.31732 832.5469
16.76368 2508.124
15.22622 2117.965
0.5132552 -471.6024
18.40944 3276.353
-18.4847 -4555.951
-12.02869 -2078.921
-6.118532 -141.9204
-5.633809 193.1484
12.23628 1427.502
-7.542246 -638.4249
-17.65783 -3788.199
-1.847939 180.1408
-3.552146 235.6112
14.00847 1858.168
9.403724 160.6447
-14.09471 -1962.67
-10.21061 -1598.67
-16.26056 -3259.566
1.290872 -33.89019
17.89758 2056.418
17.10643 1050.39
-8.743257 -1281.293
3.487329 295.0777
13.58886 930.1707
9.887646 -319.4453
-17.33518 -3640.251
-16.25598 -3900.2
-0.8305807 -1430.373
-0.2546966 -264.2238
-6.743049 -569.0523
13.88587 1288.254
6.013943 25.64996
10.46785 -68.995
-3.490564 927.3854
2.318588 206.9266
-0.1210427 -240.027
-19.80836 -7264.324
11.93279 462.3725
0.8631008 -1095.114
15.6072 2262.469
-18.60419 -4481.328
-4.822537 -765.6453
-14.16175 -2020.4
11.44914 1147.486
-9.755935 -1244.845
-4.223683 72.81041
-0.1057617 6.937425
-10.88624 -1275.554
6.588186 1279.69
-11.96963 -3035.129
14.5261 2447.568
10.13084 215.9863
-6.291982 -215.4959
-16.12894 -3944.499
-5.898232 -696.821
5.33273 -319.5772
-14.20219 -2340.73
-11.82127 -1662.103
16.25025 2297.837
7.061127 131.5833
-16.94735 -3946.178
18.79367 4875.464
-7.976915 -1111.854
-4.732555 -92.24688
18.80653 4176.754
-6.389292 -589.6067
13.51268 1509.319
-19.53805 -5735.786
17.35935 2192.737
-8.041949 157.2961
-15.26654 -2847.082
-14.86764 -2785.189
3.618887 -20.07739
8.253061 199.3419
13.32976 2301.278
-16.47264 -4397.761
-13.45652 -2053.524
-7.984763 101.3949
-19.69404 -6633.441
-8.790253 6.80368
-17.02183 -3654.064
9.68891 864.53
13.91111 1742.784
-14.65965 -2228.432
-10.77361 -644.782
14.43726 1745.903
-18.78221 -4631.217
-11.32462 -1044.061
17.43672 2904.568
-4.122188 -708.7397
-1.636609 -682.5625
0.956161 394.8347
-2.912363 -46.53296
-7.722126 -438.9568
-4.661402 9.031736
-13.44978 -1464.841
16.5646 2693.152
-10.22566 -1085.306
14.80266 1961.381
10.57418 607.941
6.322584 548.001
-15.85396 -3401.157
19.65051 3328.28
3.362137 837.3508
17.99843 2352.376
-1.933319 828.2941
-10.91318 -1185.429
13.28322 863.9606
12.71466 1698.088
-9.07393 -1222.319
-6.403767 -500.6614
-15.61694 -1998.287
6.243128 667.093
-17.22553 -5086.587
-0.8598719 -225.6982
-17.52447 -4163.13
5.690079 -72.58312
-1.284089 -201.9995
-12.33444 -1693.926
-18.05719 -4488.452
11.26907 616.7061
-0.8880621 -200.2312
10.10329 284.5499
-3.982528 -508.5206
-12.02377 -2644.806
-1.946247 -622.3136
13.4049 1159.392
-15.37997 -3230.069
-10.76139 -232.2888
-0.2920583 -754.715
12.37776 1452.633
0.7736087 -198.8476
-2.399432 449.6723
-18.01064 -4642.887
5.793539 616.58
4.245541 1188.078
3.401778 433.9655
-17.57233 -3283.324
2.335074 230.3582
-4.832908 96.68537
15.99331 2627.117
-11.14612 -1160.697
11.20005 755.8573
-7.48887 -547.8831
-8.825822 -734.5753
14.4286 1059.841
-12.4038 -1399.009
-15.65473 -3084.518
-18.52965 -4818.599
19.38105 3150.53
6.492773 -194.1998
5.015372 -243.1271
17.89862 2533.37
-18.33244 -4138.157
-7.11117 132.3154
8.080245 1050.351
-14.76473 -1864.286
18.46721 3480.639
2.173626 612.1741
-18.69818 -4960.856
1.242674 488.8106
14.62783 2310.666
-6.06885 268.2431
6.17939 -204.8099
11.11521 -171.7494
8.922796 192.8754
12.85058 1060.349
-8.849247 -855.712
-3.280073 267.6425
11.3079 555.9376
-12.83018 -1550.168
4.90733 402.7252
-18.86039 -5494.864
-17.17784 -3510.261
-17.38671 -4465.036
-6.673929 -709.2453
-10.65035 -1429.903
2.053533 37.44043
-18.55975 -5094.764
17.12112 2451.229
13.83383 827.3059
-18.43398 -4659.395
-5.425067 -301.4483
-15.72516 -2744.843
-1.306051 -505.9074
-1.314637 -77.25602
-11.50994 -855.0008
-4.569493 379.4101
8.354811 -873.6794
-6.743295 -393.6218
18.68136 3876.69
-7.832008 -434.8706
1.702707 295.9335
7.618263 231.7549
2.139116 100.5124
-11.85114 -2131.407
-11.04594 -1220.033
-10.0581 -1277.675
-11.14248 -822.5047
-15.30575 -2996.715
18.46836 3501.567
-5.222894 -492.9354
-6.471946 -260.5665
14.36326 2509.835
12.20964 944.8032
9.915728 198.6433
-19.7188 -5619.393
11.75654 261.0425
3.420049 579.9034
-12.02529 -1499.703
-14.35571 -3109.392
-8.884784 -940.0181
-4.675043 -350.8108
4.401218 -674.3344
-6.624667 -492.6709
-10.67074 -117.7177
4.141534 626.7878
10.49475 604.4798
12.70887 699.7501
2.10284 299.1219
1.56938 -83.2261
-8.695377 -826.1033
-4.613392 -163.1147
-13.31249 -2529.283
8.412416 259.392
2.068758 900.4093
-6.609043 427.1978
-13.56873 -2974.171
15.31415 1917.618
-19.00828 -5566.466
4.692236 174.272
-18.28578 -4800.902
18.18608 3152.153
17.10382 2569.831
15.72396 2285.053
18.0093 4314.447
8.587791 285.5827
-14.45429 -2249.11
-16.35603 -3387.463
1.136944 -419.0307
-3.39207 -499.7015
-10.10574 -1137.324
16.27605 2063.033
10.23186 426.7557
-18.92748 -4196.199
-8.135987 -366.4761
-15.64892 -3171.454
4.930652 -762.4523
-12.91315 -1933.289
-18.15222 -4894.385
-7.110143 -629.6424
0.8523131 -878.5527
18.81492 4342.651
-3.027935 -50.95716
8.201277 1123.463
15.13955 534.4988
1.006925 -558.7276
-3.184531 572.6641
-19.92989 -4997.798
-2.680076 -551.6684
13.36609 655.7118
3.836119 695.6431
-0.699983 305.1613
7.989355 -97.38358
-19.46272 -5886.148
12.80186 634.1807
2.424713 240.7072
-4.288165 180.8625
-5.960519 398.0053
-8.71671 -1334.654
-0.6395082 142.3359
-19.49182 -5499.499
-2.417537 47.37896
18.18646 3349.972
-1.719201 22.29927
15.99781 3124.053
17.75958 3840.046
0.06012609 -155.8563
-14.15685 -1921.542
-11.38233 -889.6472
13.67801 1194.137
-6.553912 -228.8547
-16.78348 -4376.591
-3.085243 -459.6848
3.138372 -152.4101
9.002068 713.6396
-13.03787 -2499.519
-4.998458 -621.9634
2.569643 -948.9386
16.91391 1604.634
8.806995 481.5277
5.14459 187.0515
4.790773 54.2254
10.21052 737.3872
-17.13346 -3980.777
8.334951 248.8983
7.89086 42.91143
-15.25691 -3106.272
13.79903 805.5242
-0.8664305 -221.8453
-5.652676 -212.1192
12.617 1346.627
13.57158 1293.172
-16.27525 -2425.645
-3.131316 482.9354
-0.5633542 763.3547
5.015048 -302.7113
4.679894 -552.4328
-19.18595 -4953.969
-16.49134 -2855.012
-4.382522 -1160.821
-18.5303 -4505.061
15.35158 439.552
-18.18157 -4152.199
19.87035 3700.426
2.022144 -421.4022
15.87126 2047.098
17.91835 2084.863
-12.10303 -950.7416
-7.913548 -937.3974
-12.34577 -1668.997
12.49805 847.9744
14.46611 1652.43
-19.74962 -6355.26
8.953742 811.4688
-15.5685 -2876.512
-12.92583 -1892.39
-3.282567 -174.1933
12.87743 1652.888
6.422325 -161.2878
12.96003 1590.174
-12.7558 -1495.874
-10.34654 -1440.922
-4.174384 -410.2765
5.548423 -235.558
17.74033 3082.919
-5.268151 -337.1275
