52.58573 110.514
92.83836 315.8757
97.61617 154.5899
40.14107 86.60987
99.11619 237.1476
9.174408 69.3943
70.60937 234.5545
12.23794 46.28198
87.3094 225.5831
90.13827 244.1084
94.05194 225.7377
25.42647 94.99197
33.77662 112.9444
30.47401 214.7066
68.37621 127.6056
59.78626 191.2541
8.169838 66.26236
55.91586 46.59553
40.11407 151.3724
91.21564 317.3799
99.13921 145.8013
20.73447 105.0327
64.58393 211.7526
34.23099 40.26218
52.17268 179.244
43.04805 102.7092
61.44688 203.991
75.70252 199.4809
86.59705 195.3823
96.34336 269.6097
7.393172 74.53198
22.15156 113.4019
86.61629 325.2189
24.64136 78.32277
11.99542 178.3177
70.95405 195.3467
73.49416 208.0097
31.85496 109.2659
79.13035 185.6158
61.96014 233.57
14.32367 59.92381
35.06375 128.9861
26.54722 94.53813
54.90979 170.1442
13.82015 128.3691
39.24868 216.1662
67.33995 124.6334
48.21602 207.7891
55.25172 129.9475
87.04376 283.2943
74.79162 130.2876
72.15801 151.1059
41.47123 157.7775
44.67856 105.6204
89.59416 325.1807
46.20463 84.66648
97.77051 163.9496
30.79972 158.5855
92.21059 181.2616
98.64828 196.6493
73.42721 232.6724
80.60882 168.9357
0.8512648 66.70499
16.66617 48.5964
4.112758 59.5765
61.33079 140.2726
65.71442 319.8633
61.62124 235.9956
52.26403 93.86596
35.08403 87.24368
69.8537 202.0637
39.18821 193.7471
35.86822 83.36104
57.19962 139.7703
20.00448 39.19702
80.44061 157.7167
28.21818 18.83368
18.13483 76.74437
51.43412 27.42094
9.633905 65.7318
51.76818 146.234
49.01627 240.497
53.04849 161.9035
83.53798 164.0189
81.22882 197.387
37.56658 108.352
17.53496 46.39555
74.46855 193.0131
67.72082 171.5021
40.783 205.1396
15.13085 191.7438
9.074788 119.8035
87.24088 234.0386
54.8945 158.2003
53.80945 151.7319
81.25726 92.28866
92.88233 218.8046
23.75988 55.8559
72.63687 153.3909
25.21463 133.4201
90.66951 270.7104
58.47646 173.2703
9.584518 152.8574
46.74106 196.8683
27.83969 11.48063
3.962543 140.861
40.09079 195.4556
85.78072 258.8887
91.86487 283.8526
78.35155 144.1373
90.67826 173.4786
16.58458 49.20799
78.6343 171.8119
32.74409 185.6979
33.39315 115.5797
27.29257 84.33889
50.87397 162.7412
77.57825 253.4832
80.11603 188.5617
47.24295 153.1162
41.16431 109.2925
30.86668 211.6375
26.09394 30.87585
62.46502 261.9047
53.13403 229.1139
60.17041 242.2798
75.77366 326.1591
83.58051 244.8379
99.15239 274.4857
99.32654 215.6303
5.409771 28.9016
4.497592 43.91039
94.63544 309.7519
72.50483 218.0239
22.71994 34.66245
76.80891 248.5148
12.13207 97.12813
22.75178 83.01135
8.937167 39.95431
3.867976 40.9006
73.28312 209.7003
64.84417 176.7606
16.16856 94.31811
44.77788 149.1314
15.34193 59.06838
44.27202 124.889
4.395033 104.5454
84.02106 141.2085
96.76614 262.8281
91.21714 227.4329
9.172014 77.99746
81.93743 151.1453
40.19502 182.2485
28.91081 126.6018
55.90918 131.3465
8.907354 63.72671
0.150744 31.18793
33.79586 153.0158
46.22633 116.7216
55.76932 216.333
16.14743 155.7993
87.24905 202.9094
76.09363 194.1734
17.87034 97.93435
84.71232 212.3906
56.07656 179.8034
89.18099 164.8631
98.88383 260.5211
98.29498 255.2688
80.66152 205.7014
81.6464 267.4429
93.31681 191.1184
63.26888 202.6283
65.65062 179.6659
44.48527 133.3703
57.12409 197.1234
77.20014 232.3389
7.874144 103.9954
27.62682 124.0385
39.16241 119.1107
8.175766 61.68834
78.54991 270.2347
75.18401 278.3356
39.73916 157.9089
48.23106 99.41766
28.98417 77.58641
95.06733 254.289
66.62068 172.6096
1.559623 -18.69266
59.93914 150.4586
58.01818 117.0996
27.49964 212.6355
52.59902 103.5552
13.20794 238.5186
0.8514726 -21.44656
30.56491 140.021
8.114231 73.52638
81.97587 148.1821
38.65605 147.5409
34.13865 99.26188
53.66735 136.4261
68.58519 176.6747
40.15154 151.6419
19.05761 91.09452
76.54019 227.95
90.51957 227.6434
94.22335 277.2178
43.08877 71.11462
61.75829 178.456
67.39036 139.754
93.25729 271.1264
78.0514 210.1532
32.57748 158.8854
57.94954 185.9804
37.94003 140.9575
71.31566 113.1778
65.13077 181.8209
70.59746 203.0526
5.567912 77.98955
40.60991 54.90381
48.14696 170.1702
37.79436 217.1643
29.0444 74.30346
59.13289 191.292
87.77191 161.4796
96.27581 236.5091
69.51423 201.0836
57.45389 202.7399
30.33768 39.14133
55.21556 180.9244
54.33579 194.0151
2.4913 107.2094
37.76794 105.4623
71.87654 197.5433
32.45933 68.25288
35.64684 48.9626
64.4697 196.0303
9.133276 79.2053
93.87362 171.4909
55.6628 168.9658
10.16353 -4.328556
85.19464 184.04
98.27523 239.712
2.675571 77.34199
21.46086 119.7886
48.8172 121.864
33.75608 98.4663
88.14051 202.8147
96.49537 239.6689
2.859663 103.9555
39.17229 257.5756
53.90487 160.3382
53.83482 186.2984
30.53999 114.356
40.51328 72.92081
46.60922 -1.202879
33.33555 38.82079
18.81082 148.9776
15.99901 47.86172
81.69659 217.5233
74.82031 246.6263
7.45003 125.699
76.89266 106.024
41.23677 208.4727
52.50882 236.1844
74.47692 105.5003
81.30793 274.9904
12.48187 67.80588
96.36638 194.3926
53.50664 131.4053
4.212603 100.3854
54.55251 176.5957
3.698176 121.1282
13.87382 56.13148
93.19905 276.0811
92.09547 250.12
36.98248 177.9112
20.74467 103.6812
55.65258 131.9597
65.42511 111.0657
65.35882 215.3741
73.08776 268.3724
95.04972 235.453
17.39784 59.37668
44.11024 105.9949
82.78743 244.0309
63.08885 198.9428
51.71508 90.65742
35.14992 143.6281
34.64733 117.2765
74.94733 267.231
67.5921 106.88
50.72783 141.203
75.56778 233.0573
8.286675 0.5528227
17.16864 94.72326
70.37483 192.6951
15.29135 43.15244
78.103 231.8383
37.85134 112.7999
24.98478 130.779
8.640578 92.45619
46.62336 195.0437
14.41047 90.43099
93.42325 184.7208
67.24241 247.1775
30.88664 56.55269
37.02144 103.1847
53.87542 238.9846
97.32242 233.751
95.50562 229.6724
39.35627 153.2511
22.8774 60.51061
81.43612 165.8877
61.4886 203.3549
32.17219 82.57679
19.29927 72.91427
26.88725 105.7174
95.165 285.2723
93.13255 252.5792
71.12192 249.8613
27.63962 118.873
5.616742 25.27734
4.638189 22.63004
73.19451 286.781
47.46275 190.7732
41.45259 137.774
41.43594 232.1428
72.23513 207.6317
11.2939 43.90197
57.36727 120.6089
53.08574 173.0735
77.75559 258.4449
83.22135 157.8045
24.07502 200.1412
98.14738 310.9896
15.38462 95.01844
93.4639 256.2467
75.98978 142.5529
86.62479 171.4772
30.57086 43.55956
66.07382 204.8676
31.71113 134.0557
0.5301091 11.68191
20.42442 140.9321
16.34716 57.55638
67.99059 181.8847
85.30301 141.1723
69.60668 213.9798
25.32895 125.2786
17.7046 41.50622
24.7026 105.3478
99.00279 276.7777
35.19054 109.5908
53.33255 145.504
50.25948 208.0969
86.41842 192.8613
27.5792 132.5563
24.27773 75.94839
7.843407 125.4504
35.21534 183.1396
45.02528 167.4491
53.79636 153.9455
26.11677 130.6765
96.3847 230.7552
13.53395 104.6824
28.70365 101.4276
2.488182 29.37962
58.96347 125.0137
9.059053 12.8204
62.92802 151.1952
36.44515 125.5724
3.495435 52.45724
95.10029 173.4286
52.48964 85.73854
89.93595 97.77216
65.51407 172.8415
13.93903 60.50674
25.87487 67.2282
79.31669 195.1208
20.00236 -35.23117
96.64553 294.4973
3.160098 85.48969
56.18882 219.3476
22.20859 -22.08086
62.60121 66.14374
49.36618 144.8752
2.944444 78.30046
15.28998 48.46141
86.81846 219.7599
0.7724529 30.88502
52.3355 175.741
99.94107 253.7583
97.55374 178.4125
67.60607 223.4668
23.26172 80.99748
2.970602 24.24355
9.594852 63.89041
19.12456 81.89547
65.58972 102.035
60.04026 176.0863
53.13302 180.0736
97.8432 222.3249
61.3779 235.1911
81.39473 314.131
4.247506 59.40655
87.7706 204.4862
18.55285 89.60892
93.25677 327.3194
95.86763 244.9083
45.67272 141.0135
80.4236 232.2739
59.07047 215.246
85.40256 156.136
63.37729 218.6339
88.24169 183.2432
59.60819 77.43289
54.49047 94.80033
45.83622 212.5063
28.34029 115.1261
0.1862516 80.73354
24.06164 40.96385
25.96896 98.67769
31.75869 104.592
19.8907 100.9232
83.63497 270.0919
23.44201 143.1641
80.08593 97.55128
8.160244 92.27038
21.84217 67.54758
34.00922 61.61229
72.76896 213.0562
25.33637 71.97648
33.83382 158.4923
51.94154 130.6002
63.96514 273.169
4.558464 0.3256925
66.87 281.0248
63.83181 164.0512
48.92366 164.7954
6.610913 102.3042
56.21424 129.1825
78.06375 276.8434
49.55957 152.9368
74.21751 183.1268
56.13676 180.5903
5.72212 95.72931
71.21327 258.4979
4.386414 62.82587
15.08293 52.14304
42.05185 113.6233
76.08378 193.6352
39.45434 177.3495
48.6959 148.368
55.54144 202.2621
66.50735 176.9885
57.65369 141.7453
87.4184 180.8797
43.27146 112.2608
81.28613 209.8174
28.57405 97.73679
69.19716 244.6209
60.25832 171.8019
66.12409 223.8266
93.05599 264.662
26.23776 146.1436
85.14521 147.0716
95.50529 230.424
65.9893 191.5684
6.072034 80.26884
46.40485 85.97617
38.78237 166.9117
86.38358 244.1264
52.49668 134.7633
35.71041 152.6237
47.03875 132.5676
10.93297 8.047063
54.09132 209.2913
72.987 142.7319
22.546 133.3826
25.44223 67.67673
49.85506 107.7463
42.93661 108.4046
55.23207 206.1315
20.80788 167.6453
10.65398 20.0976
71.89727 180.8915
41.87432 116.2483
38.15759 165.7146
11.56511 114.9631
74.98897 202.1121
54.73614 91.21075
86.73231 217.3091
89.47972 165.0503
19.92032 50.21559
33.38678 80.87731
48.83547 160.0405
64.6111 250.985
82.29268 245.5262
55.19973 61.68357
9.418645 66.85609
50.56178 206.6886
3.812198 51.5527
26.17509 149.5175
71.14211 225.0915
94.90879 264.9945
38.65 146.3647
11.81607 -33.61265
83.32493 202.33
46.41166 132.6784
55.08134 254.9889
55.09805 202.8271
79.58676 246.6997
50.92459 150.9094
82.79913 142.3372
73.30211 198.8548
51.15205 155.4826
8.310861 24.40351
40.59322 134.2381
89.10575 182.2192
15.03352 189.6067
34.7643 115.5042
54.43391 100.206
76.77601 364.854
12.76589 97.28061
7.368317 129.9284
46.49629 95.15587
82.59226 261.0848
58.90283 168.6791
39.00829 143.1698
75.0266 210.8036
21.5578 100.9774
68.8693 281.706
15.18753 44.38069
50.79809 120.4046
98.52392 211.6471
65.96786 174.9558
66.22971 150.9135
68.69934 205.3905
4.140991 40.82012
53.24003 149.1962
20.20744 219.1589
73.34151 242.8265
66.58218 174.5031
33.69142 115.7733
34.39175 205.1181
87.75766 72.87314
97.857 274.3704
43.30449 151.7513
40.01583 157.5279
5.674647 98.50056
77.54313 161.2006
85.87316 220.7591
3.827448 57.36614
48.9145 162.9933
62.08676 225.7932
29.75744 189.4625
88.79345 172.2885
15.52337 107.7688
95.11492 288.575
72.38882 156.8393
88.36004 276.5056
99.10058 289.2417
82.60934 193.2536
75.29385 149.5487
31.83471 111.2659
91.80185 217.8575
28.98302 22.94866
97.48971 149.8021
94.18237 210.5519
42.45289 89.61241
95.16952 203.6813
55.60102 11.7687
73.58886 189.1347
62.64308 164.1447
56.50033 125.9562
57.47828 112.3019
48.62947 216.0518
83.8315 232.9332
74.27641 216.4039
96.10119 227.0121
6.93813 43.94956
38.77341 115.2776
90.1394 285.0796
45.35826 274.574
49.90581 262.9552
96.98698 206.9315
49.13354 169.7839
24.1803 108.0118
85.64249 206.246
54.91686 117.6842
14.72188 47.55
40.05892 129.7045
15.71744 171.9644
28.81112 121.2835
52.91548 103.5012
60.63237 184.813
28.2074 69.01807
33.43317 173.6579
33.19225 128.507
53.49963 159.1862
19.50278 91.80724
70.29642 276.6571
14.18876 73.15182
61.28702 231.7797
86.51478 246.2709
89.23079 266.0693
1.607567 -13.89596
37.25437 56.44136
93.56242 244.6854
69.02128 206.3522
34.36013 133.0963
10.43057 33.32533
28.12486 -8.828577
37.29425 75.3514
64.80223 117.8605
96.44001 229.1646
34.14753 160.4374
24.56793 137.7792
12.35879 118.4864
89.02132 241.2218
23.97015 127.9822
95.02603 256.1657
43.60119 95.44038
89.47578 327.6722
36.89503 20.68231
44.82801 241.2238
38.74761 123.5781
39.05713 187.8605
46.10815 194.3983
71.40939 193.9448
42.5123 164.3568
89.05191 136.4653
52.41411 158.857
43.92553 110.235
86.74353 183.9172
10.34224 138.0653
17.96066 50.61086
71.29266 235.275
53.33622 128.1285
45.79252 122.7194
18.81424 169.7306
15.42729 68.33521
16.63996 69.07036
39.59115 23.66011
23.98598 112.3859
91.23136 379.326
38.73398 171.2774
10.00105 53.0956
88.40801 247.8913
38.19947 93.88866
4.31785 33.93987
61.02613 126.8292
54.89427 218.3738
46.23867 90.67531
70.11654 186.0228
37.96264 132.6699
2.716517 33.55308
18.74682 37.80705
86.11195 243.8703
61.08708 146.0299
88.37615 225.4819
1.919453 -21.76419
73.62446 286.7248
55.43956 122.4082
82.49438 190.4361
70.17051 130.1493
52.00356 176.4673
9.70054 34.98748
96.49563 181.3625
70.67319 150.1381
23.58984 124.463
13.23478 59.61752
54.67639 82.88926
66.87005 188.132
38.80981 174.885
82.8542 257.2633
97.75618 187.5382
31.76572 106.3254
22.04643 152.8295
40.47002 30.18643
61.07471 216.6596
92.33331 231.5177
83.4837 236.8667
93.55076 168.4237
5.529007 77.40872
26.95262 44.05396
26.49078 176.8738
48.60916 138.3445
6.73399 88.91933
35.19433 88.78421
22.68194 199.3717
80.37879 260.7407
93.36272 147.8636
91.69946 245.5484
92.39623 269.2408
17.2791 112.071
5.37654 36.74893
27.8733 69.65381
93.8275 167.7797
14.5906 70.59267
84.84001 247.0753
63.10756 118.114
61.90248 85.1891
38.88905 98.13345
63.97488 215.9273
9.467367 100.2921
52.19119 149.1797
89.86603 271.706
67.91785 216.5606
78.37992 188.6993
10.209 102.3245
69.70106 229.2461
75.50498 100.0882
32.88904 201.3922
71.93624 171.1755
41.36555 40.62782
51.26925 172.1542
28.90916 135.272
95.42154 244.5026
1.239091 24.22957
36.44491 122.2247
16.85827 12.35824
32.62467 50.09688
94.51395 283.2103
13.14803 73.10308
24.81334 97.2493
4.688793 41.93802
75.87024 217.9612
97.83789 271.9031
23.6613 217.6415
13.14787 12.51002
2.634175 113.4915
22.42834 138.2
34.62401 156.9385
49.67581 109.3457
67.70784 100.0384
72.84838 179.7979
38.83542 150.4508
51.17129 220.9229
11.44167 72.06219
42.19879 225.3438
96.41207 235.8203
88.84542 219.7766
90.98352 229.6483
80.36875 191.5556
92.50636 258.3392
23.95101 23.46877
11.56261 134.8157
93.33926 252.7025
80.88768 232.0516
32.13353 70.36339
52.03988 293.4345
73.72483 199.4876
58.23415 184.5603
39.71809 131.4997
60.04629 110.2807
86.49388 236.7235
33.9556 181.9937
90.96522 180.2274
63.60564 173.3182
86.01166 230.8627
66.43805 75.69852
27.64206 154.4055
53.57157 245.8893
65.45765 187.448
18.21159 106.0022
1.276198 80.0326
40.33795 128.7462
62.99595 226.0149
45.07863 95.09841
85.47544 167.4798
84.49877 233.1922
5.724774 93.04427
89.01161 192.7664
60.50354 228.6468
14.49654 66.63649
59.80002 171.5987
7.26995 13.17837
55.9382 178.327
9.169874 139.5821
98.74348 262.4856
27.49598 85.39797
7.304866 62.32532
8.469987 161.4985
6.290512 55.54232
45.10998 98.87351
38.44972 126.1074
3.529251 41.64598
68.87458 260.9659
25.87345 48.55623
71.9153 227.8363
90.47865 258.7473
1.915138 80.32499
29.43291 177.106
81.76541 148.0767
4.800917 72.87765
58.1401 125.6097
77.55965 236.2365
96.90094 294.6601
20.66743 179.0131
11.83044 70.69816
17.25324 62.09308
41.47344 50.70448
19.63298 187.7371
86.82173 310.7748
90.28019 253.805
48.51127 127.8213
19.9638 20.51596
48.6304 166.1075
21.22532 84.72661
93.26542 256.0316
8.405081 96.25095
92.93855 278.2189
68.78097 188.4912
14.63522 14.35319
81.05604 238.515
69.18948 212.8855
13.58077 137.1113
66.42199 194.8591
51.53197 182.5195
98.02442 201.0291
92.20665 333.1657
79.88234 177.8145
49.13326 126.2941
64.19006 199.6559
4.12165 1.869337
25.39887 97.40972
39.40488 106.4402
36.54852 83.7606
98.18303 277.4717
44.00425 147.8393
85.03532 251.9355
98.66822 229.6549
7.212898 81.7722
98.67985 265.9979
48.55241 133.3652
66.36538 216.6661
8.947612 64.25284
71.94676 178.3666
73.3955 175.0053
94.58349 296.3604
63.975 102.0156
16.661 97.43176
78.82919 192.2708
79.51057 210.1927
86.45452 238.7538
98.64781 210.0256
59.61383 70.099
72.1544 186.335
43.34795 75.57707
15.11103 148.3419
55.3348 149.015
34.03922 89.26597
90.61169 173.8157
69.94597 193.5971
27.22807 34.82046
83.44436 145.79
9.336138 19.70555
5.000393 60.18452
79.50425 264.7454
52.97704 152.2536
56.94229 216.7698
29.00772 196.7766
15.62939 54.67223
51.39932 195.3636
76.28218 147.6676
62.89817 145.0829
13.87108 48.90993
17.34699 23.37273
7.198124 74.23997
37.21743 83.85805
31.46757 158.002
1.355946 136.8933
11.61933 -1.67159
28.44769 128.0908
22.09051 80.3937
70.61228 244.1781
68.97959 123.3917
72.86038 197.6851
62.94581 157.137
51.93871 187.3195
71.66907 238.84
36.63463 133.8359
50.16478 131.9165
35.28955 101.8019
75.35916 210.5074
93.50331 217.5989
8.688291 -43.8435
81.85792 247.1814
18.65649 146.311
90.07899 204.6667
81.37533 238.2096
6.060477 91.39856
34.14586 120.882
15.71251 76.41611
21.70603 142.512
20.69363 20.82024
19.44417 185.7481
25.0065 38.20682
6.681396 54.36784
86.14221 256.4116
47.96784 58.0794
81.95152 164.9233
42.5759 198.9295
4.048794 42.44709
74.22725 163.1487
6.461204 147.6891
14.87752 102.402
45.60903 268.787
88.67023 164.7941
63.61769 173.9642
25.08316 82.63576
88.51775 202.7127
12.72355 15.27913
40.38641 87.02419
26.32411 157.929
51.35291 161.9786
87.79995 168.0951
44.98237 33.37546
48.09145 189.3506
6.0659 85.14665
43.60833 164.4512
62.17727 39.57017
53.43973 93.27621
33.57918 92.02291
83.34601 226.8682
28.63824 94.68379
12.54716 39.92011
45.77266 187.1362
33.49647 177.6727
15.44445 127.0911
40.94662 79.44611
31.50263 71.28886
25.56239 120.7531
92.02478 238.5096
5.174027 122.936
69.41294 196.8225
85.2888 257.0309
63.08763 212.0392
71.68436 160.2451
49.55601 143.6594
25.08869 89.34932
0.690678 36.54924
92.89811 202.2539
67.28969 267.0655
66.50957 219.6445
0.2113289 52.73342
7.162219 68.55377
79.57639 231.9838
93.76106 182.0248
70.89942 260.007
38.97302 181.0285
15.74741 40.01081
72.70467 153.5997
29.80867 113.1886
38.92386 232.1939
19.86223 -75.70526
19.19718 35.37989
88.26454 164.2948
55.13975 215.7275
3.94695 59.55628
7.166671 120.5293
70.41104 252.4701
14.63308 28.96072
39.30027 201.7776
53.17923 212.1517
9.381054 60.88217
94.57908 251.7038
28.21797 86.70926
41.86987 151.2659
64.0654 185.6642
6.216823 121.8166
51.17871 177.6922
78.33774 286.626
17.94985 176.0976
20.93663 79.92724
43.98249 47.35906
61.14046 58.87291
76.74293 212.8542
61.74666 129.3913
96.67945 278.1997
5.640321 157.7098
83.86459 163.8625
41.87994 138.4315
15.46889 194.6053
70.63878 281.4527
61.49881 67.83381
10.21641 159.8057
79.70929 303.9491
61.46973 149.5525
91.86615 248.6677
31.73724 210.7198
74.6771 209.8084
37.20364 224.9979
44.81606 188.051
15.61768 113.5787
44.30059 66.14611
7.358448 78.29127
76.49691 186.8113
64.11241 209.2099
66.76545 225.9189
56.5569 204.4041
39.62033 77.13494
13.41694 85.11995
64.7784 103.8745
74.11427 302.4367
26.73238 66.76658
67.37626 175.9811
47.28798 45.43785
56.26459 168.8697
0.2766337 57.90452
77.71724 248.6629
35.46561 196.0005
42.56987 169.6658
89.54143 231.3678
41.86283 94.20958
83.49293 177.188
29.59655 -3.750562
22.74626 96.4633
32.5832 69.03065
6.412862 97.77155
9.810069 24.73181
32.65248 102.7237
45.02534 168.7321
18.34357 129.471
92.66993 243.573
81.42218 172.1958
3.597194 60.74772
21.51001 116.6631
28.54313 168.2865
31.58161 77.02961
14.33741 106.3215
76.73204 217.0347
36.07557 6.899744
90.44854 231.5749
41.71001 98.4832
6.368421 80.04424
57.37063 301.7944
24.79228 144.3378
75.02674 132.6597
97.08423 188.0135
97.01192 273.6747
62.92676 142.1684
2.756226 49.70119
18.96065 139.7197
22.42743 79.58221
86.21758 220.3937
12.19007 58.78728
89.71979 246.6199
40.20871 89.53378
85.04168 217.7126
70.13572 162.4191
58.54629 192.6515
89.51696 185.6219
77.51148 144.5138
84.49115 199.1366
24.93974 140.9751
12.1123 90.44574
5.080662 72.48866
72.64063 200.4343
5.737983 92.25221
93.37064 233.1024
49.42569 92.88354
51.67848 194.1975
98.42405 284.6811
6.663523 -24.5128
40.37234 -5.802084
0.5617414 13.193
36.10218 135.1469
50.47412 212.4017
59.68478 197.6323
3.722367 -14.59931
80.32791 300.3354
19.74498 33.11952
32.48372 124.315
37.23331 114.55
86.38178 274.7887
5.560821 135.4027
69.05631 139.6323
58.49205 204.7229
15.93877 53.5757
47.257 110.8634
34.78211 93.098
72.43158 252.271
93.82274 213.0204
6.698984 8.314744
47.34638 226.7441
90.80662 264.9931
19.90874 206.3523
93.88739 195.4549
20.52397 132.0871
40.51962 181.5118
97.10488 239.0649
40.54031 70.90999
44.56755 146.5163
76.41338 290.4917
74.44509 250.18
50.34181 222.0951
37.72723 114.2255
62.44599 164.7486
19.83181 64.81055
59.87891 121.559
8.946891 94.26084
76.42287 276.6532
56.04651 126.7374
8.5882 132.5541
4.249625 123.0494
78.38241 236.8848
56.67837 107.8018
67.37065 221.3678
14.83953 95.74865
89.83474 197.6606
1.531224 19.60679
97.66558 253.0663
30.33968 187.6336
34.64367 148.1183
21.22951 15.21807
91.64412 240.9326
23.87235 104.3986
89.93196 253.589
59.53316 134.5991
85.74277 269.6008
71.44939 207.8165
35.45711 118.678
83.63968 83.04637
36.1719 178.7865
66.12177 204.7142
72.2926 190.0426
31.85693 142.8358
12.71304 87.75131
46.27023 140.0458
71.64824 121.8262
43.79059 161.08
23.9679 141.5855
17.73239 74.34797
44.4482 92.00064
13.39826 172.6673
34.33317 -5.274463
18.35241 32.26713
21.03053 82.265
26.17066 197.657
54.23892 176.8883
12.59398 134.3598
19.75745 141.6711
85.23887 254.514
68.51755 186.8847
52.69827 134.391
29.90125 113.1915
88.35915 251.5846
35.98302 124.1291
24.21944 93.20422
83.3864 215.8297
17.47075 17.27006
28.3772 111.2817
26.03233 55.38909
97.59298 225.63
1.881669 81.70111
15.53742 42.0685
85.80612 287.7119
23.51523 131.1279
8.032867 69.2715
44.63831 121.5289
4.916933 81.76084
32.64882 153.8315
70.69862 177.5715
83.77806 223.6536
85.48462 99.49575
24.75283 112.3122
52.61929 139.4175
67.14312 201.355
99.70607 302.2888
40.38389 26.0628
72.14352 136.5228
96.07927 223.3388
96.16938 224.9804
66.5151 170.6445
10.39305 92.53603
37.92828 79.50863
96.0569 132.1947
11.77802 10.76898
48.09673 156.6189
70.63099 200.5699
70.3375 205.0041
28.99026 154.4394
9.566198 48.47511
24.94218 80.91385
20.79498 152.8635
39.72736 -26.73045
57.79566 108.6452
79.76111 230.3642
18.72325 57.57288
63.20664 69.29737
51.82891 126.3288
37.80734 147.828
91.64283 241.5316
3.963902 133.1643
29.18826 115.2447
99.02871 203.6417
72.12978 252.8077
19.12405 70.42859
61.24615 242.778
57.70274 245.6166
81.90806 172.2097
9.542548 -2.070701
43.98388 191.0432
82.34131 288.715
53.37274 166.547
40.63964 220.5301
52.64903 145.0353
45.58075 160.7135
18.91503 141.2031
8.91389 187.4855
58.25764 154.3035
54.94073 208.4185
36.99985 93.41772
64.71834 189.0235
15.08674 61.24921
32.48206 158.5585
58.69418 136.4024
20.50303 82.68485
89.31453 321.1306
63.61339 239.1596
3.207676 145.1373
79.59766 160.7331
9.261289 22.77737
11.092 143.5202
58.60486 166.3221
48.46446 204.122
94.95726 244.0893
39.18677 90.1173
45.90099 155.4591
25.70667 110.222
18.97472 110.5465
8.135552 26.69213
17.31227 68.83997
74.24044 176.5975
82.65285 344.0971
5.330952 10.31652
14.31587 128.8664
38.14371 117.2144
65.3082 228.6312
27.46739 79.3554
2.91762 83.76702
48.33322 177.0848
27.62242 110.2185
8.645319 30.39237
40.46244 146.1597
9.587203 100.7805
28.25132 -9.963385
34.6653 213.0114
44.71766 177.3376
24.77255 69.7139
49.60839 206.1699
97.55428 204.7737
36.85178 53.34321
41.39543 131.3868
71.56409 187.9493
57.97988 170.491
84.91552 244.5648
17.36488 85.83725
69.28947 184.3425
43.42407 49.29654
33.55329 149.767
65.81928 184.7954
25.24617 95.39169
1.410896 -86.05761
45.13117 190.9697
63.24563 196.4411
69.61649 144.7197
20.30286 11.43374
22.76775 169.4926
45.52532 121.3677
31.33115 184.8454
81.65207 138.9654
48.84957 170.1109
84.5403 218.2384
11.93827 17.61353
22.91455 96.6887
82.91355 183.8141
84.57912 224.985
57.01031 53.73785
94.67677 329.4367
87.91328 158.9965
9.566778 89.81608
32.37402 121.4317
31.76474 116.4762
55.50066 186.4372
22.61296 172.5519
49.24335 31.21566
83.56313 307.8677
85.19547 202.3715
68.51561 158.5384
40.43085 87.21045
52.77605 194.556
93.00391 244.8738
94.23748 359.4522
50.75203 213.9907
4.813971 38.4005
85.29464 239.6639
22.72602 180.9066
61.70727 164.2945
32.49756 58.80884
77.50919 195.047
1.559941 53.12474
55.42429 189.3005
71.255 196.1391
33.90512 177.8749
7.323992 66.42951
10.41433 89.99861
0.2760135 23.46517
39.74475 65.23081
25.46996 78.63277
89.19443 231.0978
58.24413 157.9264
2.485726 56.81816
80.42821 290.9504
80.06399 216.3458
45.04396 128.0812
52.14237 219.6346
97.51327 179.3946
69.1541 177.76
16.08942 165.4553
52.83943 169.3013
49.98013 116.1951
67.78926 193.2069
97.05395 214.5696
59.69524 187.0606
26.91332 149.1882
1.682228 -30.75329
80.48747 210.8245
54.88562 144.2914
18.20242 53.37718
22.59408 125.1369
26.1596 87.37134
60.19014 189.9915
48.82119 153.7366
58.43379 161.3478
91.64304 185.9363
73.81646 210.3839
2.295572 43.09085
15.81353 106.0009
47.16408 171.6425
64.84368 186.5968
85.82236 165.4448
12.35385 11.12165
65.58678 165.1888
44.75684 160.8028
32.82207 117.4214
99.32242 251.5717
34.87026 158.2843
93.32814 193.8606
63.90491 143.4223
98.18367 291.701
6.890115 120.2909
75.9604 199.0302
53.39923 131.603
81.56977 200.5627
87.5093 207.0033
95.0765 278.3826
55.07986 181.8501
85.72693 268.5407
40.46916 89.81717
24.88195 89.41122
59.63151 203.6988
55.1547 134.2928
36.86465 156.7312
87.6351 207.6663
13.45621 52.09296
4.197886 94.50713
31.55013 56.50099
3.617271 108.5003
24.94576 82.53659
3.938197 52.09476
77.81022 194.1276
43.62898 178.8058
9.257397 115.4104
49.09613 35.32408
15.25785 40.77061
76.12669 248.5804
79.57964 248.7754
90.24875 205.1191
19.0786 77.14511
51.55413 172.4361
92.22081 262.3726
62.85394 285.6833
6.764828 134.7559
95.93464 315.492
22.73803 113.5641
87.72527 218.186
74.87449 185.1006
15.53847 32.72603
23.86733 -0.1204544
4.958276 31.88368
58.42419 208.8467
18.88546 177.5705
93.57865 230.7789
58.89699 225.8081
59.83807 118.7656
81.22178 91.12662
45.92839 117.8571
67.62269 145.8126
14.00438 66.02171
64.01934 204.2434
94.23053 243.3973
94.00185 218.9778
10.17154 118.7473
38.64028 126.0949
11.89599 151.664
91.15889 232.4989
51.96194 206.9349
63.42701 132.7021
65.60099 126.3659
52.93449 137.5087
8.318913 139.9189
23.38177 59.33181
48.89081 122.9042
47.46969 154.8914
40.5461 134.1625
76.71244 207.8481
72.74433 157.8555
11.87637 49.34721
47.9585 169.4409
63.44111 194.0592
91.66416 173.0083
90.97666 129.6042
87.2748 177.2318
31.31872 179.7461
28.01243 53.58573
62.40297 103.4366
88.82577 249.2725
26.94674 123.9635
37.80014 184.0423
92.22004 238.7335
39.90402 121.5272
5.726386 38.88887
66.64372 199.4696
94.57318 188.5052
87.86333 250.924
77.26361 182.982
78.46915 189.7815
47.80453 206.5686
65.22364 199.4042
72.07522 262.4015
22.37758 42.22843
59.68011 197.9961
53.33769 220.3655
78.45538 201.05
50.17333 159.0739
1.714769 76.45354
11.33944 149.7674
92.34249 280.6829
23.1864 102.3846
35.62471 92.30865
82.19116 115.8746
72.40602 134.8031
93.03661 252.6312
52.15542 102.3628
41.75723 71.7214
18.31234 98.76177
10.46791 106.0385
62.97327 224.2906
20.10464 140.3828
48.37814 216.5009
89.7963 263.4836
80.46253 172.4144
12.19348 121.8551
11.55222 64.95037
40.58264 90.5988
21.33161 59.42229
90.90157 176.0733
29.0452 127.5358
0.7561347 52.70138
61.5173 160.2401
13.84112 36.16409
99.59375 291.6364
59.60376 149.813
0.6330003 40.80876
86.96751 132.9197
20.19753 56.53547
71.44623 192.7358
36.1513 143.7286
25.33586 78.55642
61.00097 130.3699
20.39735 74.15222
45.79712 150.0343
82.20467 215.813
47.65386 177.2548
1.495755 -22.05429
85.58164 181.9091
62.653 113.6914
44.66285 56.99137
78.12382 263.3157
96.17734 302.1256
40.20878 79.65506
30.33672 115.4081
43.83107 111.1079
91.967 236.6861
48.86056 96.39841
70.96683 182.2622
27.20904 205.5048
73.24699 244.6468
71.54379 187.1355
70.11217 248.7868
46.41184 175.1748
6.356281 126.1059
50.02854 152.233
63.44365 207.2863
89.6489 217.1869
22.22097 76.5827
75.76348 213.0058
81.71918 231.6055
58.1481 156.6384
19.13128 126.4767
9.32093 76.23635
84.70005 204.9267
2.675225 29.61941
81.58702 183.6808
31.08305 140.594
47.08526 148.6
12.42442 96.65293
84.75302 184.1328
48.44403 221.0267
45.31424 99.02877
32.54483 -8.235164
93.59959 263.5362
11.89128 100.2864
2.010158 64.93372
60.84262 140.2275
59.53416 204.8943
67.34858 155.7808
35.61318 203.9715
6.926288 94.35357
78.54051 199.4217
35.36695 96.1288
54.89852 145.539
21.61457 84.95174
9.085887 38.68979
97.17051 209.072
51.47843 200.8093
74.20456 234.4327
7.411683 -3.818559
20.63346 33.59288
18.09988 195.5083
1.901352 -51.89482
19.08623 20.19382
94.11203 244.4141
20.02782 0.9863707
45.63006 93.88311
33.69141 191.2774
67.16906 205.8532
74.22132 148.8148
58.37359 186.702
50.62154 158.5505
68.68892 230.3303
82.65581 260.3502
68.44574 270.8716
68.31702 270.1572
46.81692 178.7701
63.59302 157.5423
40.98099 24.41152
61.83459 148.7143
74.73962 174.9643
37.87077 104.8682
26.73556 153.3068
19.45329 131.508
27.54058 71.12272
26.33051 106.9348
32.01223 31.15794
75.76962 195.2955
89.05376 289.6131
36.31972 124.8465
65.92669 256.1907
74.97189 143.1764
45.32109 207.9455
49.67572 152.3783
39.03851 82.86686
8.753791 12.34242
39.57879 136.7011
75.32902 198.8825
94.47525 182.6885
74.35979 128.8648
89.15008 151.6665
89.99001 195.9775
71.00377 198.3542
36.43833 113.8277
52.75169 123.0839
25.11941 124.8649
97.73319 332.9206
13.13105 109.4062
34.82369 162.2993
95.9351 208.182
47.77577 170.7304
34.27982 50.37669
74.11795 251.9069
61.62795 150.2657
64.33408 203.4021
40.10709 125.7533
52.85378 177.6715
98.75866 174.606
86.10482 176.1047
3.46323 37.58669
41.31981 87.76672
71.51124 196.2997
15.60246 46.89823
75.97515 120.288
39.39945 87.93647
79.79536 179.9934
15.56961 -27.70601
38.97051 76.72836
88.94982 242.8412
76.97561 206.5877
42.47296 114.531
97.82535 248.1962
69.49733 237.4972
57.30851 171.1988
67.68754 210.3658
56.30243 64.04088
3.867388 41.09227
83.4014 235.0217
2.873792 56.79361
67.05198 170.6595
43.36629 243.8835
39.26678 85.85117
2.035632 7.45795
36.27528 70.48732
71.85503 265.258
92.91819 232.8704
68.62121 112.8245
89.78601 263.994
47.84145 149.2207
72.76539 174.4779
6.177266 76.82279
81.69399 220.2571
61.61902 218.1591
98.11913 245.0952
31.96335 59.85932
69.51677 168.8296
51.84692 132.0608
10.80471 76.3545
2.475856 58.41864
90.38462 155.4442
50.51801 34.34014
82.37148 126.4357
14.43529 154.2994
37.51195 243.9297
90.15265 308.6416
47.63747 160.3612
88.81671 265.4835
67.32393 260.7025
39.5415 129.4322
62.75644 206.2301
43.72641 150.9287
19.45636 191.8852
95.33343 241.8982
50.55488 205.2264
42.91761 136.8978
35.28052 96.97895
49.96075 207.5625
24.57252 65.03468
27.0477 125.0563
12.24005 105.4852
46.62763 177.0061
80.07583 243.7354
70.39754 140.2271
80.59897 255.086
72.92014 215.4136
62.82185 255.1196
47.71665 191.25
99.20313 296.7234
54.55541 192.7912
81.21088 360.7058
71.36786 168.7408
62.94226 187.2898
4.303975 31.59145
91.21235 269.9044
40.21571 130.4963
89.93402 192.8959
74.0761 190.6556
82.85257 227.125
39.28988 140.3577
92.79524 217.0486
7.435898 76.44797
94.87395 195.9776
6.556054 115.7906
81.1198 263.0926
77.905 136.9387
63.31451 63.12786
33.42595 65.8892
77.46755 212.0164
87.44689 342.9681
10.50729 102.7195
51.3509 159.9339
38.50949 132.6683
1.340457 117.6088
25.6866 120.774
1.723571 145.1984
84.62097 271.6205
52.86045 125.8009
81.90125 180.6693
22.05412 96.25991
90.58128 222.6281
55.63245 149.8113
95.12722 247.4305
27.02739 103.9368
25.66798 41.55728
51.79416 158.9259
3.978047 103.7591
91.34567 230.5428
33.96024 191.5004
42.59715 117.7536
99.51703 377.1536
18.59159 167.2213
21.64157 106.7718
43.45717 81.06733
14.16881 10.73283
36.81386 212.7096
47.47073 148.2445
70.41488 197.714
58.61803 165.7483
94.62257 243.3051
43.38022 157.2089
41.6307 72.52014
70.53878 175.5737
6.403036 88.26468
29.22627 160.7153
12.6591 109.8098
36.51108 142.7855
60.50882 76.64229
79.16648 299.2903
13.3882 76.70208
11.44191 98.98516
24.7515 54.78255
65.83143 235.3742
77.49971 194.2792
53.23912 131.6145
65.10989 173.8191
17.85393 119.6316
45.02693 211.6296
47.7256 53.25173
58.74229 168.2755
34.46517 -8.216292
58.26792 284.5701
52.85961 207.3387
43.49873 141.0377
19.54139 129.0867
50.18402 146.3036
57.19024 192.4361
5.961559 140.2604
85.64395 332.749
38.63201 164.525
82.90375 239.886
85.36412 251.889
22.00045 65.11772
9.064205 85.17757
99.90568 342.836
29.34992 92.16573
80.65827 211.6958
54.79477 184.2418
19.76665 105.0549
77.35328 287.7272
30.73658 70.49871
96.02077 225.7291
15.03301 41.79677
27.21176 69.13127
36.71 173.0463
37.69601 98.89367
20.25848 81.65144
43.08212 118.9481
37.88097 154.3269
9.239387 87.02978
34.79609 99.73047
96.29373 253.5622
20.70131 132.0342
61.97001 189.045
18.66748 4.366691
13.47668 60.71979
98.15306 239.118
29.00537 92.57601
79.81042 211.5761
28.75516 91.08974
16.06916 85.10515
37.59396 -25.56602
41.71594 111.8458
94.89007 232.3891
30.97513 80.6043
25.44582 46.583
27.23924 215.4083
50.0981 296.1413
56.3892 215.9541
8.952307 109.5474
68.92251 297.159
12.72531 92.87757
82.60225 203.3618
74.57853 157.4805
91.22447 252.1124
36.95682 84.70412
98.35708 218.8806
12.09846 227.023
93.94087 301.8905
98.5002 280.4985
16.037 24.17263
98.46464 245.8618
15.70314 111.6532
11.85799 80.52806
52.69919 135.6709
10.19164 102.7933
19.02495 72.00895
50.14119 171.642
93.0867 267.9696
91.82185 243.2607
27.3391 55.82126
7.756622 71.10921
75.74236 229.2706
60.0018 124.8277
79.36483 224.6267
30.64827 92.77975
74.12882 179.9268
39.33605 174.5028
44.67096 233.5177
92.19258 175.4817
14.24661 129.7741
85.74482 235.0029
79.99903 255.401
68.81366 150.1193
18.19943 63.65973
21.6294 59.07939
8.402787 92.6195
36.32107 93.04305
57.746 189.1688
15.30166 118.5859
31.78777 235.2475
30.67876 87.44291
26.40459 149.5155
33.73345 172.4492
20.42074 45.76365
23.7309 99.39336
61.15957 200.6271
98.19429 218.7903
38.70381 136.7298
54.41083 151.3052
36.8789 127.2771
98.82382 170.6255
77.5681 113.9279
18.89334 29.38623
98.27591 151.8891
44.10259 176.3498
94.5622 243.7967
5.119113 25.17556
29.62334 89.91571
64.63533 189.4524
5.559726 85.25898
75.06439 154.3977
86.05179 228.5149
62.91854 225.4535
53.22377 150.2391
92.71948 236.2819
82.49273 236.7404
50.68149 229.3542
76.86602 102.878
10.65375 58.2883
66.21483 199.8486
13.02471 81.14252
92.32386 192.2476
79.94909 205.1687
42.84655 170.894
64.81172 202.4793
30.58173 131.5304
37.97452 77.72315
92.93101 164.2418
24.60013 126.6274
8.718206 66.1926
93.79039 238.6759
30.81946 67.34179
27.82527 164.1805
49.11348 152.4268
62.56871 98.40961
60.95268 175.0488
84.1027 249.5126
36.8664 162.2053
34.69708 155.5359
96.29048 249.0242
39.53326 163.8805
68.4918 178.0355
19.60971 82.82654
39.38007 139.8139
30.68519 191.105
21.58155 163.5022
27.23225 59.31922
98.18758 181.8546
25.13367 217.1625
83.46051 228.6424
25.82585 37.47994
23.89554 147.2385
32.20774 141.1404
35.43417 262.8619
68.29401 99.66994
68.5171 159.3081
43.51774 44.31238
61.49755 130.5877
19.74668 49.51764
19.08837 46.2688
44.73904 40.85762
76.5728 208.2915
71.55025 247.6089
60.71336 173.7193
63.63919 120.6587
42.92267 99.83325
65.09772 111.3214
48.94258 193.9221
86.19619 212.1426
79.97807 178.7971
94.25203 238.0844
36.20446 -5.762774
33.23543 148.6158
96.94976 320.1526
66.68459 207.7222
71.13848 152.5966
78.42154 243.612
37.39797 106.1007
64.96702 187.7313
84.4448 273.851
74.50261 215.6219
72.55332 185.2435
88.19727 270.1137
25.82326 181.9474
53.48301 181.5714
43.76589 163.8791
67.53569 255.7767
34.10579 201.6669
17.18794 88.91317
28.92267 135.6946
4.250068 46.93312
44.13576 50.30557
56.88379 220.9481
10.26626 96.37195
48.34553 191.4896
6.855394 184.9202
67.14922 164.2796
4.085573 -7.611855
24.92993 73.31407
4.647952 34.96248
6.602147 2.805659
61.6603 235.1334
7.080772 -130.8443
51.42738 155.5092
59.83918 268.4978
80.37294 161.8039
13.94373 77.30362
7.018512 40.84236
69.59852 195.1867
21.65016 78.24606
74.65785 172.6314
29.34326 63.78159
15.72626 34.36894
28.55562 41.97514
67.9556 65.77901
65.03158 213.9268
19.68917 152.8777
12.43073 88.25336
87.828 193.2402
98.00824 209.512
69.33522 145.0785
36.625 21.74707
8.87423 126.1401
86.35477 309.9804
43.13602 213.8095
55.33064 110.7452
55.64378 141.4824
25.99722 66.5735
96.29965 110.6286
95.07861 212.416
64.93465 214.7442
54.07274 100.6899
54.6044 190.6021
98.14519 222.0454
30.30569 89.7235
19.67548 27.07055
71.23788 114.3828
30.97531 124.1345
32.1957 111.8811
87.77376 286.5324
15.29378 47.15314
77.99605 187.3481
97.00017 188.4812
1.452408 104.9687
14.73421 67.47231
37.15853 152.7413
58.80358 188.1627
11.51253 44.76005
8.319717 44.47184
90.01075 246.0248
45.52495 111.5897
6.441831 85.05678
97.68733 319.4002
68.68176 249.5937
81.95877 250.5746
41.63433 221.2235
19.99851 113.1689
54.72825 137.0348
